Thorup Zwick Query	250	564	2	2.993992	1.000000	1.214736	918	0
Thorup Zwick Query	250	564	4	5.051856	1.000000	1.307563	401	0
Thorup Zwick Query	250	564	8	5.816121	1.000000	1.318858	261	0
Thorup Zwick Query	250	564	16	6.095310	1.000000	1.372049	401	0
Thorup Zwick Query	250	564	32	6.999571	1.000000	1.381818	522	0
Thorup Zwick Query	250	564	64	6.330964	1.000000	1.556125	1300	0
Thorup Zwick Query	250	564	128	6.222377	1.000000	1.328133	2098	0
Thorup Zwick Query	250	568	2	2.997106	1.000000	1.165121	271	0
Thorup Zwick Query	250	568	4	4.470003	1.000000	1.253959	297	0
Thorup Zwick Query	250	568	8	5.918450	1.000000	1.347587	490	0
Thorup Zwick Query	250	568	16	5.295854	1.000000	1.289171	548	0
Thorup Zwick Query	250	568	32	4.903219	1.000000	1.325865	749	0
Thorup Zwick Query	250	568	64	5.728836	1.000000	1.376953	981	0
Thorup Zwick Query	250	568	128	5.554206	1.000000	1.297913	1494	0
Thorup Zwick Query	250	574	2	2.999936	1.000000	1.179039	247	0
Thorup Zwick Query	250	574	4	4.954380	1.000000	1.318572	277	0
Thorup Zwick Query	250	574	8	6.226821	1.000000	1.442374	285	0
Thorup Zwick Query	250	574	16	6.009186	1.000000	1.381974	620	0
Thorup Zwick Query	250	574	32	5.529253	1.000000	1.423675	795	0
Thorup Zwick Query	250	574	64	6.397636	1.000000	1.547730	655	0
Thorup Zwick Query	250	574	128	7.525007	1.000000	1.585082	1374	0
Thorup Zwick Query	250	568	2	2.997653	1.000000	1.174528	185	0
Thorup Zwick Query	250	568	4	6.160843	1.000000	1.352445	233	0
Thorup Zwick Query	250	568	8	6.491034	1.000000	1.263530	303	0
Thorup Zwick Query	250	568	16	5.360449	1.000000	1.351505	333	0
Thorup Zwick Query	250	568	32	5.084750	1.000000	1.260993	494	0
Thorup Zwick Query	250	568	64	6.128464	1.000000	1.383463	662	0
Thorup Zwick Query	250	568	128	5.442796	1.000000	1.336856	974	0
Thorup Zwick Query	500	1128	2	2.997833	1.000000	1.170420	242	0
Thorup Zwick Query	500	1128	4	5.503459	1.000000	1.277245	326	0
Thorup Zwick Query	500	1128	8	5.133086	1.000000	1.234469	297	0
Thorup Zwick Query	500	1128	16	6.707077	1.000000	1.385020	439	0
Thorup Zwick Query	500	1128	32	5.845207	1.000000	1.372219	620	0
Thorup Zwick Query	500	1128	64	6.099665	1.000000	1.358483	1075	0
Thorup Zwick Query	500	1128	128	6.672284	1.000000	1.397879	2519	0
Thorup Zwick Query	500	1143	2	2.998483	1.000000	1.207914	267	0
Thorup Zwick Query	500	1143	4	5.791630	1.000000	1.316311	293	0
Thorup Zwick Query	500	1143	8	5.610877	1.000000	1.340160	315	0
Thorup Zwick Query	500	1143	16	5.824967	1.000000	1.354271	882	0
Thorup Zwick Query	500	1143	32	5.234714	1.000000	1.300678	492	0
Thorup Zwick Query	500	1143	64	6.120113	1.000000	1.409210	769	0
Thorup Zwick Query	500	1143	128	8.630246	1.000000	1.325670	2371	0
Thorup Zwick Query	500	1142	2	2.999935	1.000000	1.206795	175	0
Thorup Zwick Query	500	1142	4	4.994128	1.000000	1.313913	258	0
Thorup Zwick Query	500	1142	8	5.363942	1.000000	1.331567	316	0
Thorup Zwick Query	500	1142	16	6.052951	1.000000	1.368121	487	0
Thorup Zwick Query	500	1142	32	6.759287	1.000000	1.302194	480	0
Thorup Zwick Query	500	1142	64	7.715141	1.000000	1.418624	769	0
Thorup Zwick Query	500	1142	128	5.808528	1.000000	1.406385	1534	0
Thorup Zwick Query	500	1147	2	2.997279	1.000000	1.213562	173	0
Thorup Zwick Query	500	1147	4	5.340692	1.000000	1.245332	238	0
Thorup Zwick Query	500	1147	8	6.595931	1.000000	1.374230	520	0
Thorup Zwick Query	500	1147	16	6.268770	1.000000	1.506275	569	0
Thorup Zwick Query	500	1147	32	5.970240	1.000000	1.397700	602	0
Thorup Zwick Query	500	1147	64	6.527243	1.000000	1.412029	1106	0
Thorup Zwick Query	500	1147	128	6.657778	1.000000	1.429016	2334	0
Thorup Zwick Query	500	1134	2	2.995609	1.000000	1.159663	243	0
Thorup Zwick Query	500	1134	4	5.273243	1.000000	1.298735	244	0
Thorup Zwick Query	500	1134	8	6.199665	1.000000	1.365858	267	0
Thorup Zwick Query	500	1134	16	6.183470	1.000000	1.227492	794	0
Thorup Zwick Query	500	1134	32	7.690497	1.000000	1.348338	567	0
Thorup Zwick Query	500	1134	64	5.927209	1.000000	1.269951	1013	0
Thorup Zwick Query	500	1134	128	6.614791	1.000000	1.359466	1695	0
Thorup Zwick Query	750	1688	2	2.999526	1.000000	1.161388	204	0
Thorup Zwick Query	750	1688	4	5.659889	1.000000	1.285004	409	0
Thorup Zwick Query	750	1688	8	6.161247	1.000000	1.402028	578	0
Thorup Zwick Query	750	1688	16	6.583653	1.000000	1.383911	539	0
Thorup Zwick Query	750	1688	32	6.870828	1.000000	1.431844	997	0
Thorup Zwick Query	750	1688	64	8.430097	1.000000	1.374070	1220	0
Thorup Zwick Query	750	1688	128	6.671558	1.000000	1.330840	2694	0
Thorup Zwick Query	750	1688	2	2.996447	1.000000	1.194816	265	0
Thorup Zwick Query	750	1688	4	5.614339	1.000000	1.338488	298	0
Thorup Zwick Query	750	1688	8	6.209073	1.000000	1.329976	302	0
Thorup Zwick Query	750	1688	16	6.388089	1.000000	1.272884	514	0
Thorup Zwick Query	750	1688	32	6.126470	1.000000	1.445149	533	0
Thorup Zwick Query	750	1688	64	6.348181	1.000000	1.385738	1235	0
Thorup Zwick Query	750	1688	128	7.214180	1.000000	1.502259	2724	0
Thorup Zwick Query	750	1688	2	2.999256	1.000000	1.189460	311	0
Thorup Zwick Query	750	1688	4	5.667912	1.000000	1.350595	300	0
Thorup Zwick Query	750	1688	8	5.280800	1.000000	1.472322	442	0
Thorup Zwick Query	750	1688	16	4.972777	1.000000	1.352922	409	0
Thorup Zwick Query	750	1688	32	7.357133	1.000000	1.395545	961	0
Thorup Zwick Query	750	1688	64	6.247994	1.000000	1.293875	882	0
Thorup Zwick Query	750	1688	128	7.004704	1.000000	1.492720	2261	0
Thorup Zwick Query	750	1688	2	2.999103	1.000000	1.168718	174	0
Thorup Zwick Query	750	1688	4	5.218716	1.000000	1.259485	219	0
Thorup Zwick Query	750	1688	8	5.743003	1.000000	1.231864	454	0
Thorup Zwick Query	750	1688	16	5.883347	1.000000	1.428211	534	0
Thorup Zwick Query	750	1688	32	6.472618	1.000000	1.405311	670	0
Thorup Zwick Query	750	1688	64	8.191909	1.000000	1.474105	1488	0
Thorup Zwick Query	750	1688	128	7.540317	1.000000	1.315139	2498	0
Thorup Zwick Query	750	1676	2	2.998922	1.000000	1.176992	271	0
Thorup Zwick Query	750	1676	4	5.576058	1.000000	1.304565	364	0
Thorup Zwick Query	750	1676	8	6.569305	1.000000	1.362925	430	0
Thorup Zwick Query	750	1676	16	6.410610	1.000000	1.385674	695	0
Thorup Zwick Query	750	1676	32	6.693198	1.000000	1.366497	764	0
Thorup Zwick Query	750	1676	64	6.189311	1.000000	1.427967	935	0
Thorup Zwick Query	750	1676	128	7.132133	1.000000	1.448275	2480	0
Thorup Zwick Query	1000	2289	2	2.999550	1.000000	1.188122	308	0
Thorup Zwick Query	1000	2289	4	5.612073	1.000000	1.212515	269	0
Thorup Zwick Query	1000	2289	8	5.816333	1.000000	1.260122	469	0
Thorup Zwick Query	1000	2289	16	6.676227	1.000000	1.311571	710	0
Thorup Zwick Query	1000	2289	32	7.721084	1.000000	1.382180	807	0
Thorup Zwick Query	1000	2289	64	7.798096	1.000000	1.423283	1313	0
Thorup Zwick Query	1000	2289	128	8.120895	1.000000	1.464096	2847	0
Thorup Zwick Query	1000	2256	2	2.998765	1.000000	1.168759	190	0
Thorup Zwick Query	1000	2256	4	5.422323	1.000000	1.269392	259	0
Thorup Zwick Query	1000	2256	8	6.653727	1.000000	1.284792	518	0
Thorup Zwick Query	1000	2256	16	7.497263	1.000000	1.372489	613	0
Thorup Zwick Query	1000	2256	32	6.746560	1.000000	1.360877	1291	0
Thorup Zwick Query	1000	2256	64	7.636464	1.000000	1.369561	1676	0
Thorup Zwick Query	1000	2256	128	9.371226	1.000000	1.471990	2694	0
Thorup Zwick Query	1000	2281	2	2.998965	1.000000	1.176732	270	0
Thorup Zwick Query	1000	2281	4	5.081239	1.000000	1.288402	334	0
Thorup Zwick Query	1000	2281	8	5.910798	1.000000	1.307768	351	0
Thorup Zwick Query	1000	2281	16	6.460859	1.000000	1.373920	804	0
Thorup Zwick Query	1000	2281	32	7.173705	1.000000	1.339313	1126	0
Thorup Zwick Query	1000	2281	64	8.342536	1.000000	1.293285	1738	0
Thorup Zwick Query	1000	2281	128	7.998327	1.000000	1.572221	2579	0
Thorup Zwick Query	1000	2274	2	2.999751	1.000000	1.174513	252	0
Thorup Zwick Query	1000	2274	4	5.651155	1.000000	1.275890	405	0
Thorup Zwick Query	1000	2274	8	6.406617	1.000000	1.417837	291	0
Thorup Zwick Query	1000	2274	16	6.782453	1.000000	1.367868	776	0
Thorup Zwick Query	1000	2274	32	7.877087	1.000000	1.353794	1180	0
Thorup Zwick Query	1000	2274	64	8.539210	1.000000	1.553007	1634	0
Thorup Zwick Query	1000	2274	128	7.272819	1.000000	1.410147	3303	0
Thorup Zwick Query	1000	2263	2	2.999208	1.000000	1.154827	265	0
Thorup Zwick Query	1000	2263	4	5.557693	1.000000	1.274338	384	0
Thorup Zwick Query	1000	2263	8	6.425928	1.000000	1.288730	498	0
Thorup Zwick Query	1000	2263	16	6.617594	1.000000	1.523389	800	0
Thorup Zwick Query	1000	2263	32	6.373232	1.000000	1.361807	602	0
Thorup Zwick Query	1000	2263	64	7.933277	1.000000	1.527463	948	0
Thorup Zwick Query	1000	2263	128	6.413339	1.000000	1.422911	2644	0
Thorup Zwick Query	1250	2813	2	2.999657	1.000000	1.191704	298	0
Thorup Zwick Query	1250	2813	4	5.223152	1.000000	1.367001	392	0
Thorup Zwick Query	1250	2813	8	5.887313	1.000000	1.342003	438	0
Thorup Zwick Query	1250	2813	16	6.776281	1.000000	1.457208	613	0
Thorup Zwick Query	1250	2813	32	7.258304	1.000000	1.383571	916	0
Thorup Zwick Query	1250	2813	64	6.441124	1.000000	1.490885	1541	0
Thorup Zwick Query	1250	2813	128	8.913924	1.000000	1.432605	2619	0
Thorup Zwick Query	1250	2821	2	2.999614	1.000000	1.172773	242	0
Thorup Zwick Query	1250	2821	4	5.777137	1.000000	1.224829	446	0
Thorup Zwick Query	1250	2821	8	6.429066	1.000000	1.304165	298	0
Thorup Zwick Query	1250	2821	16	6.968621	1.000000	1.554994	462	0
Thorup Zwick Query	1250	2821	32	7.224268	1.000000	1.338452	793	0
Thorup Zwick Query	1250	2821	64	6.868045	1.000000	1.539337	1980	0
Thorup Zwick Query	1250	2821	128	7.865169	1.000000	1.511056	3406	0
Thorup Zwick Query	1250	2821	2	2.999690	1.000000	1.173675	250	0
Thorup Zwick Query	1250	2821	4	5.541931	1.000000	1.305152	416	0
Thorup Zwick Query	1250	2821	8	5.718137	1.000000	1.321820	415	0
Thorup Zwick Query	1250	2821	16	6.325670	1.000000	1.422140	674	0
Thorup Zwick Query	1250	2821	32	6.867922	1.000000	1.471478	1334	0
Thorup Zwick Query	1250	2821	64	6.868251	1.000000	1.395060	1927	0
Thorup Zwick Query	1250	2821	128	7.840961	1.000000	1.507151	2394	0
Thorup Zwick Query	1250	2825	2	2.999243	1.000000	1.206706	344	0
Thorup Zwick Query	1250	2825	4	5.367379	1.000000	1.288167	586	0
Thorup Zwick Query	1250	2825	8	6.214180	1.000000	1.410317	549	0
Thorup Zwick Query	1250	2825	16	6.094314	1.000000	1.315689	891	0
Thorup Zwick Query	1250	2825	32	6.915872	1.000000	1.495128	1416	0
Thorup Zwick Query	1250	2825	64	8.057742	1.000000	1.308043	1544	0
Thorup Zwick Query	1250	2825	128	8.449927	1.000000	1.539951	3323	0
Thorup Zwick Query	1250	2817	2	2.998922	1.000000	1.196702	319	0
Thorup Zwick Query	1250	2817	4	5.143244	1.000000	1.315811	346	0
Thorup Zwick Query	1250	2817	8	5.401824	1.000000	1.479891	303	0
Thorup Zwick Query	1250	2817	16	8.129256	1.000000	1.295482	496	0
Thorup Zwick Query	1250	2817	32	7.627256	1.000000	1.479161	861	0
Thorup Zwick Query	1250	2817	64	6.658290	1.000000	1.341474	1439	0
Thorup Zwick Query	1250	2817	128	8.071102	1.000000	1.445161	2899	0
Thorup Zwick Query	1500	3380	2	2.999855	1.000000	1.197253	282	0
Thorup Zwick Query	1500	3380	4	5.834834	1.000000	1.261281	248	0
Thorup Zwick Query	1500	3380	8	6.892179	1.000000	1.347697	514	0
Thorup Zwick Query	1500	3380	16	7.448828	1.000000	1.358466	712	0
Thorup Zwick Query	1500	3380	32	7.385186	1.000000	1.401293	1252	0
Thorup Zwick Query	1500	3380	64	7.204402	1.000000	1.377576	1564	0
Thorup Zwick Query	1500	3380	128	7.572289	1.000000	1.414828	2488	0
Thorup Zwick Query	1500	3382	2	2.999908	1.000000	1.198666	236	0
Thorup Zwick Query	1500	3382	4	5.141296	1.000000	1.386491	411	0
Thorup Zwick Query	1500	3382	8	6.402806	1.000000	1.343933	475	0
Thorup Zwick Query	1500	3382	16	7.743751	1.000000	1.458988	768	0
Thorup Zwick Query	1500	3382	32	6.198783	1.000000	1.361698	1065	0
Thorup Zwick Query	1500	3382	64	7.377744	1.000000	1.399584	1788	0
Thorup Zwick Query	1500	3382	128	7.510717	1.000000	1.350359	3094	0
Thorup Zwick Query	1500	3397	2	2.999614	1.000000	1.140063	281	0
Thorup Zwick Query	1500	3397	4	5.660450	1.000000	1.430559	492	0
Thorup Zwick Query	1500	3397	8	7.712239	1.000000	1.281783	460	0
Thorup Zwick Query	1500	3397	16	7.462640	1.000000	1.398136	773	0
Thorup Zwick Query	1500	3397	32	6.569025	1.000000	1.349731	1219	0
Thorup Zwick Query	1500	3397	64	8.188791	1.000000	1.502966	1735	0
Thorup Zwick Query	1500	3397	128	7.460006	1.000000	1.438684	3492	0
Thorup Zwick Query	1500	3399	2	2.999774	1.000000	1.219432	285	0
Thorup Zwick Query	1500	3399	4	5.432184	1.000000	1.406413	486	0
Thorup Zwick Query	1500	3399	8	7.030760	1.000000	1.344279	368	0
Thorup Zwick Query	1500	3399	16	6.726724	1.000000	1.456706	620	0
Thorup Zwick Query	1500	3399	32	7.481344	1.000000	1.393753	1045	0
Thorup Zwick Query	1500	3399	64	7.131300	1.000000	1.557319	2107	0
Thorup Zwick Query	1500	3399	128	8.688574	1.000000	1.330424	3171	0
Thorup Zwick Query	1500	3375	2	2.999231	1.000000	1.198680	268	0
Thorup Zwick Query	1500	3375	4	5.678844	1.000000	1.327731	396	0
Thorup Zwick Query	1500	3375	8	6.196494	1.000000	1.383942	457	0
Thorup Zwick Query	1500	3375	16	6.643196	1.000000	1.321982	683	0
Thorup Zwick Query	1500	3375	32	7.599880	1.000000	1.417291	888	0
Thorup Zwick Query	1500	3375	64	6.851513	1.000000	1.414625	2024	0
Thorup Zwick Query	1500	3375	128	6.979417	1.000000	1.535942	2961	0
Thorup Zwick Query	1500	3386	2	2.999672	1.000000	1.185439	275	0
Thorup Zwick Query	1500	3386	4	5.703806	1.000000	1.269967	413	0
Thorup Zwick Query	1500	3386	8	6.979814	1.000000	1.321388	544	0
Thorup Zwick Query	1500	3386	16	5.875033	1.000000	1.435765	623	0
Thorup Zwick Query	1500	3386	32	6.557245	1.000000	1.482194	1150	0
Thorup Zwick Query	1500	3386	64	7.263063	1.000000	1.474568	2518	0
Thorup Zwick Query	1500	3386	128	6.962155	1.000000	1.602443	3448	0
Thorup Zwick Query	1750	3983	2	2.999933	1.000000	1.185009	348	0
Thorup Zwick Query	1750	3983	4	5.438606	1.000000	1.312950	404	0
Thorup Zwick Query	1750	3983	8	6.069603	1.000000	1.368269	660	0
Thorup Zwick Query	1750	3983	16	7.291103	1.000000	1.450818	787	0
Thorup Zwick Query	1750	3983	32	7.927222	1.000000	1.376909	1283	0
Thorup Zwick Query	1750	3983	64	6.667597	1.000000	1.330082	2226	0
Thorup Zwick Query	1750	3983	128	7.279101	1.000000	1.326081	2873	0
Thorup Zwick Query	1750	3943	2	2.999630	1.000000	1.190885	363	0
Thorup Zwick Query	1750	3943	4	6.139145	1.000000	1.384646	428	0
Thorup Zwick Query	1750	3943	8	6.895828	1.000000	1.306559	506	0
Thorup Zwick Query	1750	3943	16	7.225667	1.000000	1.334181	830	0
Thorup Zwick Query	1750	3943	32	7.346261	1.000000	1.334310	1092	0
Thorup Zwick Query	1750	3943	64	6.711747	1.000000	1.475270	1670	0
Thorup Zwick Query	1750	3943	128	8.404079	1.000000	1.462739	3102	0
Thorup Zwick Query	1750	3942	2	2.999882	1.000000	1.172208	280	0
Thorup Zwick Query	1750	3942	4	5.934936	1.000000	1.267730	307	0
Thorup Zwick Query	1750	3942	8	6.506842	1.000000	1.376621	402	0
Thorup Zwick Query	1750	3942	16	6.870123	1.000000	1.440502	616	0
Thorup Zwick Query	1750	3942	32	6.528472	1.000000	1.434692	1094	0
Thorup Zwick Query	1750	3942	64	7.464752	1.000000	1.490589	2185	0
Thorup Zwick Query	1750	3942	128	7.129669	1.000000	1.568859	3511	0
Thorup Zwick Query	1750	3959	2	2.999857	1.000000	1.184677	257	0
Thorup Zwick Query	1750	3959	4	5.924448	1.000000	1.379524	378	0
Thorup Zwick Query	1750	3959	8	6.386465	1.000000	1.339693	540	0
Thorup Zwick Query	1750	3959	16	7.420993	1.000000	1.389133	942	0
Thorup Zwick Query	1750	3959	32	7.648653	1.000000	1.365909	934	0
Thorup Zwick Query	1750	3959	64	7.799216	1.000000	1.499068	2267	0
Thorup Zwick Query	1750	3959	128	6.359509	1.000000	1.407429	2913	0
Thorup Zwick Query	1750	3960	2	2.999964	1.000000	1.180149	313	0
Thorup Zwick Query	1750	3960	4	5.504232	1.000000	1.333458	330	0
Thorup Zwick Query	1750	3960	8	7.316860	1.000000	1.338836	657	0
Thorup Zwick Query	1750	3960	16	7.195348	1.000000	1.417231	816	0
Thorup Zwick Query	1750	3960	32	7.453849	1.000000	1.336305	1111	0
Thorup Zwick Query	1750	3960	64	8.325619	1.000000	1.385372	1691	0
Thorup Zwick Query	1750	3960	128	6.630562	1.000000	1.432477	2970	0
Thorup Zwick Query	1750	3963	2	2.999982	1.000000	1.144596	267	0
Thorup Zwick Query	1750	3963	4	5.492802	1.000000	1.314728	305	0
Thorup Zwick Query	1750	3963	8	6.260517	1.000000	1.431452	484	0
Thorup Zwick Query	1750	3963	16	8.042868	1.000000	1.568614	751	0
Thorup Zwick Query	1750	3963	32	8.547805	1.000000	1.448723	1135	0
Thorup Zwick Query	1750	3963	64	7.346846	1.000000	1.391675	1818	0
Thorup Zwick Query	1750	3963	128	7.413443	1.000000	1.426797	2613	0
Thorup Zwick Query	2000	4559	2	2.999540	1.000000	1.178434	331	0
Thorup Zwick Query	2000	4559	4	5.762809	1.000000	1.252145	403	0
Thorup Zwick Query	2000	4559	8	7.287911	1.000000	1.385604	544	0
Thorup Zwick Query	2000	4559	16	7.387164	1.000000	1.373354	888	0
Thorup Zwick Query	2000	4559	32	7.539167	1.000000	1.311367	970	0
Thorup Zwick Query	2000	4559	64	8.178549	1.000000	1.509082	1681	0
Thorup Zwick Query	2000	4559	128	8.260366	1.000000	1.336853	2955	0
Thorup Zwick Query	2000	4554	2	2.999963	1.000000	1.199800	265	0
Thorup Zwick Query	2000	4554	4	5.534948	1.000000	1.313473	463	0
Thorup Zwick Query	2000	4554	8	6.447373	1.000000	1.434315	565	0
Thorup Zwick Query	2000	4554	16	6.652097	1.000000	1.436518	645	0
Thorup Zwick Query	2000	4554	32	7.947308	1.000000	1.368610	1180	0
Thorup Zwick Query	2000	4554	64	7.584433	1.000000	1.493766	1941	0
Thorup Zwick Query	2000	4554	128	8.017340	1.000000	1.359182	3289	0
Thorup Zwick Query	2000	4522	2	2.999942	1.000000	1.187585	311	0
Thorup Zwick Query	2000	4522	4	5.283504	1.000000	1.263905	469	0
Thorup Zwick Query	2000	4522	8	6.975719	1.000000	1.355388	606	0
Thorup Zwick Query	2000	4522	16	7.863954	1.000000	1.385558	823	0
Thorup Zwick Query	2000	4522	32	6.655061	1.000000	1.307894	1245	0
Thorup Zwick Query	2000	4522	64	7.295735	1.000000	1.388476	2027	0
Thorup Zwick Query	2000	4522	128	6.727049	1.000000	1.494685	3240	0
Thorup Zwick Query	2000	4515	2	2.999951	1.000000	1.209645	346	0
Thorup Zwick Query	2000	4515	4	5.584916	1.000000	1.331600	398	0
Thorup Zwick Query	2000	4515	8	6.133395	1.000000	1.408631	472	0
Thorup Zwick Query	2000	4515	16	7.552753	1.000000	1.353689	832	0
Thorup Zwick Query	2000	4515	32	7.408889	1.000000	1.454898	1169	0
Thorup Zwick Query	2000	4515	64	7.429243	1.000000	1.404335	2325	0
Thorup Zwick Query	2000	4515	128	7.551507	1.000000	1.561159	2944	0
Thorup Zwick Query	2000	4547	2	2.999579	1.000000	1.181576	455	0
Thorup Zwick Query	2000	4547	4	5.653857	1.000000	1.298128	396	0
Thorup Zwick Query	2000	4547	8	6.552087	1.000000	1.437378	536	0
Thorup Zwick Query	2000	4547	16	5.917250	1.000000	1.433992	751	0
Thorup Zwick Query	2000	4547	32	6.742619	1.000000	1.300113	1175	0
Thorup Zwick Query	2000	4547	64	7.750972	1.000000	1.376139	2210	0
Thorup Zwick Query	2000	4547	128	8.429876	1.000000	1.419280	3135	0
Thorup Zwick Query	2000	4515	2	2.999924	1.000000	1.202342	282	0
Thorup Zwick Query	2000	4515	4	6.227560	1.000000	1.389710	453	0
Thorup Zwick Query	2000	4515	8	6.524134	1.000000	1.367823	500	0
Thorup Zwick Query	2000	4515	16	7.579609	1.000000	1.479516	714	0
Thorup Zwick Query	2000	4515	32	7.376025	1.000000	1.295095	1219	0
Thorup Zwick Query	2000	4515	64	7.741866	1.000000	1.426918	2250	0
Thorup Zwick Query	2000	4515	128	7.913094	1.000000	1.407144	2991	0
Thorup Zwick Query	2250	5086	2	2.999974	1.000000	1.203397	269	0
Thorup Zwick Query	2250	5086	4	5.419002	1.000000	1.348112	399	0
Thorup Zwick Query	2250	5086	8	6.589885	1.000000	1.430919	582	0
Thorup Zwick Query	2250	5086	16	6.715669	1.000000	1.310249	839	0
Thorup Zwick Query	2250	5086	32	7.581435	1.000000	1.556588	965	0
Thorup Zwick Query	2250	5086	64	7.470634	1.000000	1.445298	2130	0
Thorup Zwick Query	2250	5086	128	7.703765	1.000000	1.292804	2649	0
Thorup Zwick Query	2250	5084	2	2.998884	1.000000	1.183281	309	0
Thorup Zwick Query	2250	5084	4	5.836236	1.000000	1.344258	374	0
Thorup Zwick Query	2250	5084	8	6.527229	1.000000	1.345733	595	0
Thorup Zwick Query	2250	5084	16	8.972317	1.000000	1.343044	910	0
Thorup Zwick Query	2250	5084	32	7.556258	1.000000	1.399211	1297	0
Thorup Zwick Query	2250	5084	64	7.482486	1.000000	1.484832	2116	0
Thorup Zwick Query	2250	5084	128	7.764959	1.000000	1.450722	4055	0
Thorup Zwick Query	2250	5108	2	2.999902	1.000000	1.189012	356	0
Thorup Zwick Query	2250	5108	4	5.222485	1.000000	1.345915	436	0
Thorup Zwick Query	2250	5108	8	6.466030	1.000000	1.441226	599	0
Thorup Zwick Query	2250	5108	16	6.818911	1.000000	1.375393	959	0
Thorup Zwick Query	2250	5108	32	7.508298	1.000000	1.418707	1297	0
Thorup Zwick Query	2250	5108	64	7.161147	1.000000	1.375287	1788	0
Thorup Zwick Query	2250	5108	128	8.332739	1.000000	1.391115	1966	0
Thorup Zwick Query	2250	5078	2	2.999808	1.000000	1.172530	202	0
Thorup Zwick Query	2250	5078	4	6.311713	1.000000	1.215402	279	0
Thorup Zwick Query	2250	5078	8	7.303879	1.000000	1.354042	384	0
Thorup Zwick Query	2250	5078	16	6.776302	1.000000	1.336958	585	0
Thorup Zwick Query	2250	5078	32	7.196124	1.000000	1.353058	910	0
Thorup Zwick Query	2250	5078	64	7.524908	1.000000	1.408907	1304	0
Thorup Zwick Query	2250	5078	128	7.921540	1.000000	1.376924	2326	0
Thorup Zwick Query	2250	5101	2	2.999917	1.000000	1.153756	184	0
Thorup Zwick Query	2250	5101	4	5.756105	1.000000	1.429533	252	0
Thorup Zwick Query	2250	5101	8	6.554632	1.000000	1.337568	334	0
Thorup Zwick Query	2250	5101	16	7.054941	1.000000	1.350134	579	0
Thorup Zwick Query	2250	5101	32	7.207301	1.000000	1.521186	913	0
Thorup Zwick Query	2250	5101	64	7.490000	1.000000	1.343658	1366	0
Thorup Zwick Query	2250	5101	128	7.872995	1.000000	1.530380	2068	0
Thorup Zwick Query	2250	5117	2	2.999705	1.000000	1.149669	207	0
Thorup Zwick Query	2250	5117	4	6.073732	1.000000	1.282984	256	0
Thorup Zwick Query	2250	5117	8	7.400586	1.000000	1.313315	379	0
Thorup Zwick Query	2250	5117	16	7.478689	1.000000	1.317885	549	0
Thorup Zwick Query	2250	5117	32	7.406763	1.000000	1.354894	780	0
Thorup Zwick Query	2250	5117	64	7.184002	1.000000	1.512485	1312	0
Thorup Zwick Query	2250	5117	128	8.284078	1.000000	1.346484	2354	0
Thorup Zwick Query	2500	5648	2	2.999992	1.000000	1.199915	212	0
Thorup Zwick Query	2500	5648	4	6.104103	1.000000	1.336637	309	0
Thorup Zwick Query	2500	5648	8	6.541189	1.000000	1.377745	380	0
Thorup Zwick Query	2500	5648	16	6.965995	1.000000	1.363963	641	0
Thorup Zwick Query	2500	5648	32	6.683283	1.000000	1.472447	818	0
Thorup Zwick Query	2500	5648	64	8.384810	1.000000	1.564463	1525	0
Thorup Zwick Query	2500	5648	128	7.568357	1.000000	1.479129	2390	0
Thorup Zwick Query	2500	5638	2	2.999975	1.000000	1.198334	271	0
Thorup Zwick Query	2500	5638	4	5.907689	1.000000	1.333756	371	0
Thorup Zwick Query	2500	5638	8	6.553314	1.000000	1.372077	538	0
Thorup Zwick Query	2500	5638	16	7.955010	1.000000	1.367278	624	0
Thorup Zwick Query	2500	5638	32	6.721661	1.000000	1.506250	943	0
Thorup Zwick Query	2500	5638	64	11.177107	1.000000	1.407636	1516	0
Thorup Zwick Query	2500	5638	128	8.962468	1.000000	1.477585	2459	0
Thorup Zwick Query	2500	5656	2	2.999756	1.000000	1.150827	241	0
Thorup Zwick Query	2500	5656	4	5.946461	1.000000	1.312651	296	0
Thorup Zwick Query	2500	5656	8	8.943757	1.000000	1.354201	405	0
Thorup Zwick Query	2500	5656	16	7.120422	1.000000	1.306662	563	0
Thorup Zwick Query	2500	5656	32	7.662092	1.000000	1.351163	858	0
Thorup Zwick Query	2500	5656	64	6.726046	1.000000	1.389174	1366	0
Thorup Zwick Query	2500	5656	128	8.443684	1.000000	1.587742	2223	0
Thorup Zwick Query	2500	5602	2	2.999262	1.000000	1.186718	205	0
Thorup Zwick Query	2500	5602	4	5.726165	1.000000	1.333564	310	0
Thorup Zwick Query	2500	5602	8	7.822761	1.000000	1.453579	378	0
Thorup Zwick Query	2500	5602	16	7.280415	1.000000	1.361939	556	0
Thorup Zwick Query	2500	5602	32	8.482712	1.000000	1.364982	845	0
Thorup Zwick Query	2500	5602	64	8.925094	1.000000	1.510376	1229	0
Thorup Zwick Query	2500	5602	128	9.899662	1.000000	1.455033	2167	0
Thorup Zwick Query	2500	5642	2	2.999313	1.000000	1.156742	205	0
Thorup Zwick Query	2500	5642	4	5.655559	1.000000	1.301688	266	0
Thorup Zwick Query	2500	5642	8	6.702880	1.000000	1.283227	376	0
Thorup Zwick Query	2500	5642	16	8.179013	1.000000	1.548673	508	0
Thorup Zwick Query	2500	5642	32	8.126507	1.000000	1.380258	772	0
Thorup Zwick Query	2500	5642	64	7.400292	1.000000	1.331506	1381	0
Thorup Zwick Query	2500	5642	128	8.293022	1.000000	1.550414	2293	0
Thorup Zwick Query	2500	5650	2	2.999780	1.000000	1.170810	242	0
Thorup Zwick Query	2500	5650	4	6.104618	1.000000	1.398894	296	0
Thorup Zwick Query	2500	5650	8	6.985072	1.000000	1.388485	360	0
Thorup Zwick Query	2500	5650	16	7.382117	1.000000	1.311002	584	0
Thorup Zwick Query	2500	5650	32	8.739867	1.000000	1.401207	823	0
Thorup Zwick Query	2500	5650	64	8.274346	1.000000	1.398375	1340	0
Thorup Zwick Query	2500	5650	128	8.893508	1.000000	1.582360	2288	0
Thorup Zwick Query	2750	6206	2	2.999939	1.000000	1.174964	219	0
Thorup Zwick Query	2750	6206	4	5.909089	1.000000	1.297600	322	0
Thorup Zwick Query	2750	6206	8	6.788436	1.000000	1.395165	451	0
Thorup Zwick Query	2750	6206	16	8.013070	1.000000	1.436091	605	0
Thorup Zwick Query	2750	6206	32	8.279433	1.000000	1.428102	874	0
Thorup Zwick Query	2750	6206	64	7.747803	1.000000	1.417410	1229	0
Thorup Zwick Query	2750	6206	128	8.133101	1.000000	1.369712	2403	0
Thorup Zwick Query	2750	6189	2	2.999837	1.000000	1.160727	232	0
Thorup Zwick Query	2750	6189	4	6.364322	1.000000	1.293867	286	0
Thorup Zwick Query	2750	6189	8	6.564329	1.000000	1.333645	432	0
Thorup Zwick Query	2750	6189	16	7.875305	1.000000	1.330446	527	0
Thorup Zwick Query	2750	6189	32	7.467928	1.000000	1.455871	847	0
Thorup Zwick Query	2750	6189	64	8.475314	1.000000	1.437731	1472	0
Thorup Zwick Query	2750	6189	128	9.434707	1.000000	1.469172	2358	0
Thorup Zwick Query	2750	6194	2	2.999931	1.000000	1.166018	238	0
Thorup Zwick Query	2750	6194	4	5.828530	1.000000	1.308532	320	0
Thorup Zwick Query	2750	6194	8	6.291590	1.000000	1.384859	408	0
Thorup Zwick Query	2750	6194	16	6.919540	1.000000	1.297083	552	0
Thorup Zwick Query	2750	6194	32	8.130467	1.000000	1.472416	803	0
Thorup Zwick Query	2750	6194	64	7.551816	1.000000	1.334762	1330	0
Thorup Zwick Query	2750	6194	128	7.125823	1.000000	1.464695	2294	0
Thorup Zwick Query	2750	6199	2	2.999994	1.000000	1.178406	224	0
Thorup Zwick Query	2750	6199	4	5.893522	1.000000	1.357309	339	0
Thorup Zwick Query	2750	6199	8	7.533137	1.000000	1.389564	405	0
Thorup Zwick Query	2750	6199	16	7.674308	1.000000	1.531606	540	0
Thorup Zwick Query	2750	6199	32	7.023324	1.000000	1.448402	754	0
Thorup Zwick Query	2750	6199	64	8.252111	1.000000	1.336113	1327	0
Thorup Zwick Query	2750	6199	128	7.963703	1.000000	1.341170	2359	0
Thorup Zwick Query	2750	6202	2	2.999918	1.000000	1.167471	246	0
Thorup Zwick Query	2750	6202	4	5.716366	1.000000	1.293726	310	0
Thorup Zwick Query	2750	6202	8	6.873542	1.000000	1.405821	380	0
Thorup Zwick Query	2750	6202	16	8.171913	1.000000	1.533903	541	0
Thorup Zwick Query	2750	6202	32	9.077720	1.000000	1.391837	866	0
Thorup Zwick Query	2750	6202	64	7.951082	1.000000	1.434871	1384	0
Thorup Zwick Query	2750	6202	128	8.104146	1.000000	1.323610	2233	0
Thorup Zwick Query	2750	6201	2	2.999141	1.000000	1.165952	231	0
Thorup Zwick Query	2750	6201	4	5.883966	1.000000	1.261760	295	0
Thorup Zwick Query	2750	6201	8	7.292910	1.000000	1.369167	405	0
Thorup Zwick Query	2750	6201	16	7.410912	1.000000	1.475953	620	0
Thorup Zwick Query	2750	6201	32	7.749299	1.000000	1.374047	823	0
Thorup Zwick Query	2750	6201	64	7.887340	1.000000	1.347615	1395	0
Thorup Zwick Query	2750	6201	128	7.884595	1.000000	1.437436	2270	0
Thorup Zwick Query	3000	6785	2	2.999080	1.000000	1.151438	262	0
Thorup Zwick Query	3000	6785	4	6.151646	1.000000	1.295122	349	0
Thorup Zwick Query	3000	6785	8	7.846668	1.000000	1.319599	436	0
Thorup Zwick Query	3000	6785	16	7.130391	1.000000	1.375015	580	0
Thorup Zwick Query	3000	6785	32	7.283847	1.000000	1.353642	923	0
Thorup Zwick Query	3000	6785	64	8.294300	1.000000	1.436188	1456	0
Thorup Zwick Query	3000	6785	128	7.321006	1.000000	1.365509	2215	0
Thorup Zwick Query	3000	6777	2	2.999273	1.000000	1.164003	259	0
Thorup Zwick Query	3000	6777	4	6.270942	1.000000	1.391158	323	0
Thorup Zwick Query	3000	6777	8	6.558580	1.000000	1.324297	385	0
Thorup Zwick Query	3000	6777	16	6.659513	1.000000	1.363738	603	0
Thorup Zwick Query	3000	6777	32	8.475424	1.000000	1.573386	863	0
Thorup Zwick Query	3000	6777	64	7.754413	1.000000	1.357591	1353	0
Thorup Zwick Query	3000	6777	128	7.981822	1.000000	1.561664	2317	0
Thorup Zwick Query	3000	6750	2	2.999402	1.000000	1.153933	251	0
Thorup Zwick Query	3000	6750	4	5.985608	1.000000	1.320894	339	0
Thorup Zwick Query	3000	6750	8	6.767133	1.000000	1.301512	424	0
Thorup Zwick Query	3000	6750	16	7.282786	1.000000	1.313249	582	0
Thorup Zwick Query	3000	6750	32	9.146844	1.000000	1.330255	894	0
Thorup Zwick Query	3000	6750	64	8.178975	1.000000	1.352979	1311	0
Thorup Zwick Query	3000	6750	128	7.170602	1.000000	1.466436	2206	0
Thorup Zwick Query	3000	6795	2	2.999900	1.000000	1.164427	223	0
Thorup Zwick Query	3000	6795	4	5.819082	1.000000	1.253014	294	0
Thorup Zwick Query	3000	6795	8	7.322833	1.000000	1.450328	433	0
Thorup Zwick Query	3000	6795	16	7.119825	1.000000	1.328079	596	0
Thorup Zwick Query	3000	6795	32	7.378729	1.000000	1.342955	811	0
Thorup Zwick Query	3000	6795	64	8.260852	1.000000	1.552628	1359	0
Thorup Zwick Query	3000	6795	128	8.277189	1.000000	1.454733	2241	0
Thorup Zwick Query	3000	6769	2	2.999883	1.000000	1.221212	263	0
Thorup Zwick Query	3000	6769	4	6.234833	1.000000	1.344977	343	0
Thorup Zwick Query	3000	6769	8	6.882478	1.000000	1.327634	420	0
Thorup Zwick Query	3000	6769	16	8.467345	1.000000	1.314160	591	0
Thorup Zwick Query	3000	6769	32	8.354125	1.000000	1.301959	872	0
Thorup Zwick Query	3000	6769	64	9.184610	1.000000	1.373081	1371	0
Thorup Zwick Query	3000	6769	128	7.902064	1.000000	1.403749	2229	0
Thorup Zwick Query	3000	6756	2	2.999991	1.000000	1.186073	295	0
Thorup Zwick Query	3000	6756	4	5.945407	1.000000	1.328281	304	0
Thorup Zwick Query	3000	6756	8	7.688084	1.000000	1.252940	427	0
Thorup Zwick Query	3000	6756	16	7.229066	1.000000	1.452426	592	0
Thorup Zwick Query	3000	6756	32	10.085241	1.000000	1.509480	873	0
Thorup Zwick Query	3000	6756	64	8.929244	1.000000	1.415079	1240	0
Thorup Zwick Query	3000	6756	128	8.934010	1.000000	1.564790	2251	0
Thorup Zwick Query	3250	7326	2	2.999961	1.000000	1.204247	249	0
Thorup Zwick Query	3250	7326	4	5.787934	1.000000	1.343133	287	0
Thorup Zwick Query	3250	7326	8	6.865420	1.000000	1.348823	445	0
Thorup Zwick Query	3250	7326	16	7.512853	1.000000	1.343135	613	0
Thorup Zwick Query	3250	7326	32	7.722531	1.000000	1.449708	906	0
Thorup Zwick Query	3250	7326	64	7.988981	1.000000	1.403796	1435	0
Thorup Zwick Query	3250	7326	128	7.962661	1.000000	1.393155	2311	0
Thorup Zwick Query	3250	7329	2	2.999970	1.000000	1.170588	258	0
Thorup Zwick Query	3250	7329	4	5.744320	1.000000	1.295443	346	0
Thorup Zwick Query	3250	7329	8	7.034696	1.000000	1.383469	428	0
Thorup Zwick Query	3250	7329	16	7.650053	1.000000	1.401009	598	0
Thorup Zwick Query	3250	7329	32	8.136788	1.000000	1.517341	842	0
Thorup Zwick Query	3250	7329	64	7.905001	1.000000	1.374598	1414	0
Thorup Zwick Query	3250	7329	128	9.526401	1.000000	1.380953	2231	0
Thorup Zwick Query	3250	7364	2	2.999972	1.000000	1.191341	251	0
Thorup Zwick Query	3250	7364	4	6.257266	1.000000	1.249560	356	0
Thorup Zwick Query	3250	7364	8	6.939393	1.000000	1.324020	447	0
Thorup Zwick Query	3250	7364	16	8.826162	1.000000	1.320039	564	0
Thorup Zwick Query	3250	7364	32	7.086035	1.000000	1.331653	885	0
Thorup Zwick Query	3250	7364	64	9.081658	1.000000	1.402747	1445	0
Thorup Zwick Query	3250	7364	128	7.795147	1.000000	1.565044	2202	0
Thorup Zwick Query	3250	7334	2	2.999860	1.000000	1.158207	223	0
Thorup Zwick Query	3250	7334	4	6.279160	1.000000	1.308568	348	0
Thorup Zwick Query	3250	7334	8	6.946536	1.000000	1.347642	449	0
Thorup Zwick Query	3250	7334	16	9.047731	1.000000	1.361014	613	0
Thorup Zwick Query	3250	7334	32	7.297987	1.000000	1.421521	870	0
Thorup Zwick Query	3250	7334	64	8.063118	1.000000	1.397937	1826	0
Thorup Zwick Query	3250	7334	128	7.970989	1.000000	1.431459	2416	0
Thorup Zwick Query	3250	7280	2	2.999937	1.000000	1.172000	315	0
Thorup Zwick Query	3250	7280	4	5.816679	1.000000	1.292520	314	0
Thorup Zwick Query	3250	7280	8	7.356425	1.000000	1.436896	430	0
Thorup Zwick Query	3250	7280	16	9.405990	1.000000	1.265744	587	0
Thorup Zwick Query	3250	7280	32	8.196763	1.000000	1.593296	803	0
Thorup Zwick Query	3250	7280	64	8.045647	1.000000	1.523749	1349	0
Thorup Zwick Query	3250	7280	128	7.590942	1.000000	1.400841	2324	0
Thorup Zwick Query	3250	7355	2	2.999726	1.000000	1.172662	278	0
Thorup Zwick Query	3250	7355	4	5.840485	1.000000	1.343140	366	0
Thorup Zwick Query	3250	7355	8	6.806654	1.000000	1.294612	406	0
Thorup Zwick Query	3250	7355	16	7.638489	1.000000	1.407820	583	0
Thorup Zwick Query	3250	7355	32	7.776278	1.000000	1.322221	905	0
Thorup Zwick Query	3250	7355	64	9.513524	1.000000	1.324685	1363	0
Thorup Zwick Query	3250	7355	128	9.341094	1.000000	1.399136	2131	0
Thorup Zwick Query	3500	7908	2	2.999703	1.000000	1.160477	245	0
Thorup Zwick Query	3500	7908	4	6.406864	1.000000	1.300600	296	0
Thorup Zwick Query	3500	7908	8	6.562800	1.000000	1.310746	420	0
Thorup Zwick Query	3500	7908	16	7.258854	1.000000	1.567028	597	0
Thorup Zwick Query	3500	7908	32	8.448397	1.000000	1.373937	844	0
Thorup Zwick Query	3500	7908	64	8.451211	1.000000	1.432092	1415	0
Thorup Zwick Query	3500	7908	128	8.177576	1.000000	1.446873	2535	0
Thorup Zwick Query	3500	7902	2	2.999890	1.000000	1.177485	250	0
Thorup Zwick Query	3500	7902	4	5.993207	1.000000	1.279787	314	0
Thorup Zwick Query	3500	7902	8	6.981988	1.000000	1.373525	449	0
Thorup Zwick Query	3500	7902	16	8.353148	1.000000	1.328071	607	0
Thorup Zwick Query	3500	7902	32	7.290799	1.000000	1.379494	934	0
Thorup Zwick Query	3500	7902	64	8.825526	1.000000	1.364002	1381	0
Thorup Zwick Query	3500	7902	128	7.805549	1.000000	1.392593	2601	0
Thorup Zwick Query	3500	7884	2	2.999973	1.000000	1.148033	276	0
Thorup Zwick Query	3500	7884	4	5.529122	1.000000	1.386518	372	0
Thorup Zwick Query	3500	7884	8	7.237613	1.000000	1.305479	475	0
Thorup Zwick Query	3500	7884	16	9.726617	1.000000	1.382696	614	0
Thorup Zwick Query	3500	7884	32	7.427240	1.000000	1.465475	928	0
Thorup Zwick Query	3500	7884	64	8.547052	1.000000	1.489672	1302	0
Thorup Zwick Query	3500	7884	128	9.892654	1.000000	1.509851	2278	0
Thorup Zwick Query	3500	7875	2	2.999728	1.000000	1.170178	271	0
Thorup Zwick Query	3500	7875	4	6.428110	1.000000	1.291806	335	0
Thorup Zwick Query	3500	7875	8	7.768334	1.000000	1.461424	411	0
Thorup Zwick Query	3500	7875	16	7.116877	1.000000	1.366451	592	0
Thorup Zwick Query	3500	7875	32	7.494719	1.000000	1.388728	921	0
Thorup Zwick Query	3500	7875	64	7.733914	1.000000	1.478942	1416	0
Thorup Zwick Query	3500	7875	128	7.293765	1.000000	1.330892	2301	0
Thorup Zwick Query	3500	7888	2	2.999974	1.000000	1.175979	275	0
Thorup Zwick Query	3500	7888	4	5.607787	1.000000	1.377400	352	0
Thorup Zwick Query	3500	7888	8	8.119382	1.000000	1.402546	448	0
Thorup Zwick Query	3500	7888	16	8.624037	1.000000	1.556162	609	0
Thorup Zwick Query	3500	7888	32	7.952061	1.000000	1.381647	896	0
Thorup Zwick Query	3500	7888	64	8.229794	1.000000	1.435314	1491	0
Thorup Zwick Query	3500	7888	128	8.538493	1.000000	1.385929	2379	0
Thorup Zwick Query	3500	7920	2	2.999892	1.000000	1.143266	283	0
Thorup Zwick Query	3500	7920	4	6.170172	1.000000	1.257259	382	0
Thorup Zwick Query	3500	7920	8	7.280228	1.000000	1.394190	398	0
Thorup Zwick Query	3500	7920	16	7.250020	1.000000	1.386606	581	0
Thorup Zwick Query	3500	7920	32	9.234504	1.000000	1.516084	926	0
Thorup Zwick Query	3500	7920	64	8.576318	1.000000	1.438359	1614	0
Thorup Zwick Query	3500	7920	128	7.533232	1.000000	1.345493	2467	0
Thorup Zwick Query	3750	8517	2	2.999601	1.000000	1.129075	314	0
Thorup Zwick Query	3750	8517	4	6.209258	1.000000	1.312838	398	0
Thorup Zwick Query	3750	8517	8	7.063280	1.000000	1.348163	471	0
Thorup Zwick Query	3750	8517	16	7.178528	1.000000	1.376232	659	0
Thorup Zwick Query	3750	8517	32	8.667153	1.000000	1.429790	941	0
Thorup Zwick Query	3750	8517	64	7.378553	1.000000	1.377415	1474	0
Thorup Zwick Query	3750	8517	128	8.985938	1.000000	1.446726	2517	0
Thorup Zwick Query	3750	8503	2	2.999964	1.000000	1.149090	268	0
Thorup Zwick Query	3750	8503	4	5.709569	1.000000	1.294655	388	0
Thorup Zwick Query	3750	8503	8	7.222583	1.000000	1.433110	449	0
Thorup Zwick Query	3750	8503	16	7.217580	1.000000	1.390974	599	0
Thorup Zwick Query	3750	8503	32	8.629450	1.000000	1.390048	968	0
Thorup Zwick Query	3750	8503	64	7.168690	1.000000	1.407897	1655	0
Thorup Zwick Query	3750	8503	128	8.547501	1.000000	1.401403	2610	0
Thorup Zwick Query	3750	8494	2	2.999916	1.000000	1.169298	323	0
Thorup Zwick Query	3750	8494	4	5.368871	1.000000	1.269445	421	0
Thorup Zwick Query	3750	8494	8	6.407378	1.000000	1.351626	527	0
Thorup Zwick Query	3750	8494	16	7.019040	1.000000	1.347073	656	0
